380	5.89E-04	
381	6.65E-04	
382	7.52E-04	
383	8.54E-04	
384	9.72E-04	
385	1.108E-03	
386	1.268E-03	
387	1.453E-03	
388	1.668E-03	
389	1.918E-03	
390	2.209E-03	
391	2.547E-03	
392	2.939E-03	
393	3.394E-03	
394	3.921E-03	
395	4.53E-03	
396	5.24E-03	
397	6.05E-03	
398	6.98E-03	
399	8.06E-03	
400	9.29E-03	
401	1.070E-02	
402	1.231E-02	
403	1.413E-02	
404	1.619E-02	
405	1.852E-02	
406	2.113E-02	
407	2.405E-02	
408	2.730E-02	
409	3.089E-02	
410	3.484E-02	
411	3.916E-02	
412	4.39E-02	
413	4.90E-02	
414	5.45E-02	
415	6.04E-02	
416	6.68E-02	
417	7.36E-02	
418	8.08E-02	
419	8.85E-02	
420	9.66E-02	
421	1.052E-01	
422	1.141E-01	
423	1.235E-01	
424	1.334E-01	
425	1.436E-01	
426	1.541E-01	
427	1.651E-01	
428	1.764E-01	
429	1.879E-01	
430	1.998E-01	
431	2.119E-01	
432	2.243E-01	
433	2.369E-01	
434	2.496E-01	
435	2.625E-01	
436	2.755E-01	
437	2.886E-01	
438	3.017E-01	
439	3.149E-01	
440	3.281E-01	
441	3.412E-01	
442	3.543E-01	
443	3.673E-01	
444	3.803E-01	
445	3.931E-01	
446	4.06E-01	
447	4.18E-01	
448	4.31E-01	
449	4.43E-01	
450	4.55E-01	
451	4.67E-01	
452	4.79E-01	
453	4.90E-01	
454	5.02E-01	
455	5.13E-01	
456	5.24E-01	
457	5.35E-01	
458	5.46E-01	
459	5.57E-01	
460	5.67E-01	
461	5.78E-01	
462	5.88E-01	
463	5.99E-01	
464	6.10E-01	
465	6.20E-01	
466	6.31E-01	
467	6.42E-01	
468	6.53E-01	
469	6.64E-01	
470	6.76E-01	
471	6.87E-01	
472	6.99E-01	
473	7.10E-01	
474	7.22E-01	
475	7.34E-01	
476	7.45E-01	
477	7.57E-01	
478	7.69E-01	
479	7.81E-01	
480	7.93E-01	
481	8.05E-01	
482	8.17E-01	
483	8.28E-01	
484	8.40E-01	
485	8.51E-01	
486	8.62E-01	
487	8.73E-01	
488	8.84E-01	
489	8.94E-01	
490	9.04E-01	
491	9.14E-01	
492	9.23E-01	
493	9.32E-01	
494	9.41E-01	
495	9.49E-01	
496	9.57E-01	
497	9.64E-01	
498	9.70E-01	
499	9.76E-01	
500	9.82E-01	
501	9.86E-01	
502	9.90E-01	
503	9.94E-01	
504	9.97E-01	
505	9.98E-01	
506	1.000E+00	
507	1.000E+00	
508	1.000E+00	
509	9.98E-01	
510	9.97E-01	
511	9.94E-01	
512	9.90E-01	
513	9.86E-01	
514	9.81E-01	
515	9.75E-01	
516	9.68E-01	
517	9.61E-01	
518	9.53E-01	
519	9.44E-01	
520	9.35E-01	
521	9.25E-01	
522	9.15E-01	
523	9.04E-01	
524	8.92E-01	
525	8.80E-01	
526	8.67E-01	
527	8.54E-01	
528	8.40E-01	
529	8.26E-01	
530	8.11E-01	
531	7.96E-01	
532	7.81E-01	
533	7.65E-01	
534	7.49E-01	
535	7.33E-01	
536	7.17E-01	
537	7.00E-01	
538	6.83E-01	
539	6.67E-01	
540	6.50E-01	
541	6.33E-01	
542	6.16E-01	
543	5.99E-01	
544	5.81E-01	
545	5.64E-01	
546	5.48E-01	
547	5.31E-01	
548	5.14E-01	
549	4.97E-01	
550	4.81E-01	
551	4.65E-01	
552	4.48E-01	
553	4.33E-01	
554	4.17E-01	
555	4.02E-01	
556	3.864E-01	
557	3.715E-01	
558	3.569E-01	
559	3.427E-01	
560	3.288E-01	
561	3.151E-01	
562	3.018E-01	
563	2.888E-01	
564	2.762E-01	
565	2.639E-01	
566	2.519E-01	
567	2.403E-01	
568	2.291E-01	
569	2.182E-01	
570	2.076E-01	
571	1.974E-01	
572	1.876E-01	
573	1.782E-01	
574	1.690E-01	
575	1.602E-01	
576	1.517E-01	
577	1.436E-01	
578	1.358E-01	
579	1.284E-01	
580	1.212E-01	
581	1.143E-01	
582	1.078E-01	
583	1.015E-01	
584	9.56E-02	
585	8.99E-02	
586	8.45E-02	
587	7.93E-02	
588	7.45E-02	
589	6.99E-02	
590	6.55E-02	
591	6.13E-02	
592	5.74E-02	
593	5.37E-02	
594	5.02E-02	
595	4.69E-02	
596	4.38E-02	
597	4.09E-02	
598	3.816E-02	
599	3.558E-02	
600	3.315E-02	
601	3.087E-02	
602	2.874E-02	
603	2.674E-02	
604	2.487E-02	
605	2.312E-02	
606	2.147E-02	
607	1.994E-02	
608	1.851E-02	
609	1.718E-02	
610	1.593E-02	
611	1.477E-02	
612	1.369E-02	
613	1.269E-02	
614	1.175E-02	
615	1.088E-02	
616	1.007E-02	
617	9.32E-03	
618	8.62E-03	
619	7.97E-03	
620	7.37E-03	
621	6.82E-03	
622	6.30E-03	
623	5.82E-03	
624	5.38E-03	
625	4.97E-03	
626	4.59E-03	
627	4.24E-03	
628	3.913E-03	
629	3.613E-03	
630	3.335E-03	
631	3.079E-03	
632	2.842E-03	
633	2.623E-03	
634	2.421E-03	
635	2.235E-03	
636	2.062E-03	
637	1.903E-03	
638	1.757E-03	
639	1.621E-03	
640	1.497E-03	
641	1.382E-03	
642	1.276E-03	
643	1.178E-03	
644	1.088E-03	
645	1.005E-03	
646	9.28E-04	
647	8.57E-04	
648	7.92E-04	
649	7.32E-04	
650	6.77E-04	
651	6.26E-04	
652	5.79E-04	
653	5.36E-04	
654	4.96E-04	
655	4.59E-04	
656	4.25E-04	
657	3.935E-04	
658	3.645E-04	
659	3.377E-04	
660	3.129E-04	
661	2.901E-04	
662	2.689E-04	
663	2.493E-04	
664	2.313E-04	
665	2.146E-04	
666	1.991E-04	
667	1.848E-04	
668	1.716E-04	
669	1.593E-04	
670	1.480E-04	
671	1.375E-04	
672	1.277E-04	
673	1.187E-04	
674	1.104E-04	
675	1.026E-04	
676	9.54E-05	
677	8.88E-05	
678	8.26E-05	
679	7.69E-05	
680	7.15E-05	
681	6.66E-05	
682	6.20E-05	
683	5.78E-05	
684	5.38E-05	
685	5.01E-05	
686	4.67E-05	
687	4.36E-05	
688	4.06E-05	
689	3.789E-05	
690	3.533E-05	
691	3.295E-05	
692	3.075E-05	
693	2.870E-05	
694	2.679E-05	
695	2.501E-05	
696	2.336E-05	
697	2.182E-05	
698	2.038E-05	
699	1.905E-05	
700	1.780E-05	
701	1.664E-05	
702	1.556E-05	
703	1.454E-05	
704	1.360E-05	
705	1.273E-05	
706	1.191E-05	
707	1.114E-05	
708	1.043E-05	
709	9.76E-06	
710	9.14E-06	
711	8.56E-06	
712	8.02E-06	
713	7.51E-06	
714	7.04E-06	
715	6.60E-06	
716	6.18E-06	
717	5.80E-06	
718	5.44E-06	
719	5.10E-06	
720	4.78E-06	
721	4.49E-06	
722	4.21E-06	
723	3.951E-06	
724	3.709E-06	
725	3.482E-06	
726	3.270E-06	
727	3.070E-06	
728	2.884E-06	
729	2.710E-06	
730	2.546E-06	
731	2.393E-06	
732	2.250E-06	
733	2.115E-06	
734	1.989E-06	
735	1.870E-06	
736	1.759E-06	
737	1.655E-06	
738	1.557E-06	
739	1.466E-06	
740	1.379E-06	
741	1.299E-06	
742	1.223E-06	
743	1.151E-06	
744	1.084E-06	
745	1.022E-06	
746	9.62E-07	
747	9.07E-07	
748	8.55E-07	
749	8.06E-07	
750	7.60E-07	
751	7.16E-07	
752	6.75E-07	
753	6.37E-07	
754	6.01E-07	
755	5.67E-07	
756	5.35E-07	
757	5.05E-07	
758	4.77E-07	
759	4.50E-07	
760	4.25E-07	
761	4.01E-07	
762	3.790E-07	
763	3.580E-07	
764	3.382E-07	
765	3.196E-07	
766	3.021E-07	
767	2.855E-07	
768	2.699E-07	
769	2.552E-07	
770	2.413E-07	
771	2.282E-07	
772	2.159E-07	
773	2.042E-07	
774	1.932E-07	
775	1.829E-07	
776	1.731E-07	
777	1.638E-07	
778	1.551E-07	
779	1.468E-07	
780	1.390E-07	